999 998
999 781 928
998 219 563
928 879 514
879 411 639
781 190 630
639 569 198
630 286 597
597 124 274
569 546 28
563 204 77
546 416 247
514 73 125
416 201 144
411 356 207
356 85 78
286 139 88
274 46 186
247 47 129
219 100 10
207 106 162
204 25 58
201 -1 188
198 156 117
190 113 17
188 58 97
186 24 162
162 2 157
157 152 150
156 135 136
152 38 31
150 121 138
144 67 5
139 69 114
138 18 26
136 26 71
135 113 74
129 19 99
125 72 101
124 67 29
121 112 68
117 26 74
114 36 28
113 30 106
112 55 5
106 12 98
101 35 25
100 78 17
99 34 63
98 13 44
97 35 46
88 44 84
85 71 57
84 9 27
78 9 63
77 37 71
74 32 24
73 14 35
72 61 28
71 34 45
69 61 56
68 66 38
67 28 13
66 64 19
64 17 46
63 45 9
61 55 6
58 5 32
57 51 19
56 4 45
55 4 53
53 19 22
51 28 38
47 32 14
46 11 9
45 32 8
44 33 32
38 20 9
37 22 6
36 14 15
35 22 30
34 19 29
33 24 21
32 9 8
31 18 11
30 20 17
29 4 13
28 12 4
27 7 1
26 23 25
25 -1 5
24 7 19
23 13 21
22 18 20
21 8 10
20 11 17
19 18 13
18 9 12
17 8 2
15 11 2
14 5 8
13 4 12
12 8 9
11 2 9
10 -1 9
9 7 7
8 1 -1
7 4 3
6 5 5
5 4 1
4 2 -1
3 1 2
2 -1 1
1 -1 -1
-1 -1 -1
527
624
877
509
374
773
918
112
584
261
704
378
243
116
509
794
444
945
847
489
1
2
3
4
5
6
7
8
9
10
11
12
13
14
15
16
17
18
19
20
21
22
23
24
25
26
27
28
29
30
-1
