999 998
999 743 318
998 364 585
743 443 480
585 101 400
480 227 281
443 207 311
400 395 171
395 63 158
364 225 322
322 239 274
318 231 158
311 2 130
281 2 37
274 273 234
273 26 180
239 138 136
234 57 42
231 174 2
227 220 115
225 156 15
220 185 34
207 31 113
185 39 36
180 95 1
174 19 35
171 152 117
158 75 58
156 11 124
152 86 29
138 71 107
136 93 42
130 51 77
124 63 86
117 67 65
115 84 36
113 7 16
107 88 66
101 93 59
95 81 52
93 76 66
88 46 35
86 57 38
84 11 24
81 41 34
77 1 2
76 32 17
75 15 58
71 16 8
67 44 19
66 24 47
65 44 64
64 38 13
63 52 60
60 10 32
59 35 18
58 13 41
57 53 47
53 32 31
52 47 49
51 39 21
49 9 16
47 32 28
46 15 19
44 30 1
42 37 17
41 25 12
39 19 18
38 11 19
37 8 9
36 18 20
35 7 12
34 26 5
32 24 26
31 1 7
30 12 9
29 28 17
28 22 23
26 7 18
25 12 20
24 23 4
23 -1 2
22 5 -1
21 2 18
20 16 2
19 13 14
18 5 12
17 1 4
16 1 9
15 13 10
14 11 6
13 3 9
12 1 3
11 9 10
10 4 1
9 7 2
8 6 3
7 3 1
6 2 2
5 1 3
4 3 -1
3 -1 1
2 1 -1
1 -1 -1
-1 -1 -1
738
65
143
422
817
620
653
595
509
364
521
50
344
762
768
52
182
674
882
863
1
2
3
4
5
6
7
8
9
10
11
12
13
14
15
16
17
18
19
20
21
22
23
24
25
26
27
28
29
30
-1
