1 1
1 2 3
2 4 5
3 6 7
4 8 9
5 10 11
6 12 13
7 14 15
8 16 17
9 18 19
10 20 21
11 22 23
12 24 25
13 26 27
14 28 29
15 30 31
16 32 33
17 34 35
18 36 37
19 38 39
20 40 41
21 42 43
22 44 45
23 46 47
24 48 49
25 50 51
26 52 53
27 54 55
28 56 57
29 58 59
30 60 61
31 62 63
32 64 64
33 64 64
34 64 64
35 64 64
36 64 64
37 64 64
38 64 64
39 64 64
40 64 64
41 64 64
42 64 64
43 64 64
44 64 64
45 64 64
46 64 64
47 64 64
48 64 64
49 64 64
50 64 64
51 64 64
52 64 64
53 64 64
54 64 64
55 64 64
56 64 64
57 64 64
58 64 64
59 64 64
60 64 64
61 64 64
62 64 64
63 64 64
64 65 66
65 67 68
66 69 70
67 71 72
68 73 74
69 75 76
70 77 78
71 79 80
72 81 82
73 83 84
74 85 86
75 87 88
76 89 90
77 91 92
78 93 94
79 95 96
80 97 98
81 99 100
82 101 102
83 103 104
84 105 106
85 107 108
86 109 110
87 111 112
88 113 114
89 115 116
90 117 118
91 119 120
92 121 122
93 123 124
94 125 126
95 -1 -1
96 -1 -1
97 -1 -1
98 -1 -1
99 -1 -1
100 -1 -1
101 -1 -1
102 -1 -1
103 -1 -1
104 -1 -1
105 -1 -1
106 -1 -1
107 -1 -1
108 -1 -1
109 -1 -1
110 -1 -1
111 -1 -1
112 -1 -1
113 -1 -1
114 -1 -1
115 -1 -1
116 -1 -1
117 -1 -1
118 -1 -1
119 -1 -1
120 -1 -1
121 -1 -1
122 -1 -1
123 -1 -1
124 -1 -1
125 -1 -1
126 -1 -1
-1 -1 -1
1
2
3
4
5
6
7
8
9
10
11
12
13
14
15
16
17
18
19
20
21
22
23
24
25
26
27
28
29
30
31
32
33
34
35
36
37
38
39
40
41
42
43
44
45
46
47
48
49
50
51
52
53
54
55
56
57
58
59
60
61
62
63
64
65
66
67
68
69
70
71
72
73
74
75
76
77
78
79
80
81
82
83
84
85
86
87
88
89
90
91
92
93
94
95
96
97
98
99
100
101
102
103
104
105
106
107
108
109
110
111
112
113
114
115
116
117
118
119
120
121
122
123
124
125
126
-1
