999 998
999 382 725
998 235 452
725 613 677
677 442 537
613 473 68
537 481 197
481 139 455
473 401 422
455 314 292
452 62 124
442 126 281
422 354 97
401 147 126
382 74 38
354 161 333
333 141 59
314 307 171
307 26 294
294 164 247
292 77 269
281 264 261
269 139 137
264 89 153
261 125 154
247 211 52
235 218 85
218 201 195
211 24 165
201 193 44
197 109 134
195 36 184
193 175 90
184 164 130
175 126 164
171 25 1
165 2 89
164 130 9
161 36 149
154 73 121
153 72 146
149 81 1
147 145 4
146 24 39
145 135 69
141 9 64
139 13 61
137 61 34
135 115 65
134 30 79
130 95 43
126 76 71
125 30 12
124 36 43
121 69 6
115 28 53
109 46 105
105 94 100
100 90 5
97 42 68
95 17 19
94 14 14
90 45 63
89 14 27
85 5 67
81 63 77
79 20 36
77 58 27
76 31 62
74 44 26
73 69 39
72 58 69
71 28 39
69 17 9
68 -1 34
67 40 22
65 56 47
64 47 17
63 1 51
62 37 32
61 54 10
59 58 38
58 19 18
56 8 33
54 3 22
53 51 -1
52 31 26
51 26 33
47 41 45
46 7 23
45 4 29
44 18 41
43 26 32
42 36 32
41 11 31
40 4 6
39 28 10
38 28 21
37 4 1
36 11 22
34 22 33
33 17 19
32 29 15
31 22 2
30 15 23
29 -1 13
28 11 14
27 15 24
26 14 5
25 22 17
24 9 19
23 10 10
22 7 1
21 20 7
20 5 6
19 5 13
18 9 9
17 9 16
16 9 14
15 1 13
14 2 13
13 9 7
12 2 9
11 10 2
10 5 8
9 4 2
8 1 -1
7 3 2
6 1 2
5 4 4
4 -1 2
3 2 1
2 1 1
1 -1 -1
-1 -1 -1
652
816
850
641
164
109
689
376
158
808
2
310
863
314
869
60
492
428
363
712
1
2
3
4
5
6
7
8
9
10
11
12
13
14
15
16
17
18
19
20
21
22
23
24
25
26
27
28
29
30
-1
