999 998
999 473 800
998 642 961
961 584 385
800 745 635
745 509 97
642 355 376
635 473 436
584 533 225
533 531 106
531 427 474
509 473 132
474 247 35
473 459 8
459 421 383
436 204 346
427 14 160
421 272 224
385 265 329
383 19 41
376 323 73
355 48 339
346 256 238
339 217 336
336 161 106
329 320 159
323 320 181
320 26 319
319 296 60
296 6 162
272 84 251
265 6 6
256 137 207
251 221 75
247 153 190
238 19 138
225 34 149
224 19 50
221 35 149
217 215 22
215 110 68
207 132 27
204 75 119
190 126 3
181 166 100
166 135 138
162 76 71
161 102 26
160 117 13
159 116 156
156 154 65
154 32 137
153 93 25
149 19 -1
138 81 98
137 66 17
135 124 60
132 5 20
126 121 6
124 90 8
121 107 58
119 12 111
117 113 18
116 107 27
113 54 110
111 40 59
110 49 57
107 24 45
106 1 49
102 81 67
100 98 24
98 90 22
97 7 23
93 40 22
90 61 89
89 45 88
88 82 9
84 33 8
82 67 34
81 22 33
76 33 56
75 27 41
73 8 65
71 12 28
68 37 66
67 25 45
66 21 18
65 30 52
61 8 23
60 15 43
59 22 11
58 44 43
57 14 51
56 16 9
54 5 19
52 16 46
51 46 44
50 22 -1
49 22 39
48 47 20
47 3 4
46 12 9
45 39 18
44 29 23
43 39 31
41 28 25
40 25 6
39 17 37
37 17 15
35 23 20
34 9 28
33 10 28
32 29 27
31 2 20
30 7 7
29 7 6
28 13 14
27 23 13
26 2 20
25 22 10
24 5 21
23 10 11
22 17 16
21 8 20
20 3 4
19 17 11
18 12 4
17 4 9
16 13 12
15 2 11
14 11 2
13 5 7
12 8 5
11 8 7
10 9 1
9 -1 -1
8 5 6
7 4 3
6 -1 -1
5 3 1
4 1 1
3 -1 2
2 -1 1
1 -1 -1
-1 -1 -1
146
337
956
698
645
957
312
623
627
106
375
759
853
600
183
446
943
302
316
961
1
2
3
4
5
6
7
8
9
10
11
12
13
14
15
16
17
18
19
20
21
22
23
24
25
26
27
28
29
30
-1
