999 998
999 614 917
998 144 905
917 655 557
905 556 623
655 240 122
623 421 269
614 22 232
557 418 466
556 316 377
466 34 404
421 125 381
418 334 295
404 130 169
381 65 -1
377 45 249
334 100 126
316 134 309
309 266 281
295 142 159
281 198 244
269 41 129
266 237 245
249 1 22
245 33 183
244 159 183
240 1 29
237 210 70
232 36 170
210 110 21
198 172 147
183 41 144
172 32 149
170 123 104
169 115 120
159 76 146
149 91 22
147 71 100
146 57 138
144 102 9
142 51 -1
138 32 99
134 100 20
130 50 3
129 89 83
126 60 26
125 121 52
123 112 23
122 2 73
121 102 103
120 58 114
115 12 104
114 94 1
112 20 53
110 2 23
104 3 70
103 70 79
102 17 41
100 39 68
99 21 10
94 40 24
91 32 64
89 15 20
83 30 60
79 56 22
76 3 73
73 65 40
71 50 56
70 61 64
68 65 14
65 15 24
64 61 55
61 23 56
60 42 25
58 55 20
57 35 35
56 11 47
55 -1 33
53 4 -1
52 16 30
51 30 36
50 42 43
47 25 17
45 15 13
43 16 15
42 19 23
41 36 9
40 21 20
39 18 28
36 9 11
35 32 14
34 28 5
33 8 15
32 15 12
30 11 9
29 14 15
28 2 10
26 5 16
25 13 23
24 23 15
23 21 9
22 8 18
21 15 13
20 10 12
19 18 10
18 16 12
17 14 4
16 11 12
15 2 4
14 13 3
13 8 -1
12 6 6
11 4 3
10 -1 5
9 3 2
8 2 7
7 6 5
6 3 -1
5 1 3
4 2 1
3 1 1
2 1 -1
1 -1 -1
-1 -1 -1
72
264
543
228
23
907
376
829
81
422
449
107
303
882
811
480
398
38
810
810
1
2
3
4
5
6
7
8
9
10
11
12
13
14
15
16
17
18
19
20
21
22
23
24
25
26
27
28
29
30
-1
